# POPSFILE VERSION 4
&POPSHEAD Pop64Bit=T
PopHPHF=F,PopLz=F,PopLensign= 2,PopNEl= 54,
PopTotwalk=      375604449
 PopMultiSft= -0.529186361952186      -0.530589669838593     
 PopMultiSumNoatHF=   205264884.105471        206949942.318920     
 PopMultiSumENum=  -96380744.3935760       -96795599.2001624     
PopCyc=          154940,PopNIfD= 1,PopNIfY= 0,PopNIfSgn= 2,
PopNIfFlag= 1,PopNIfTot= 4,PopTau=    0.000169531093,
PopiBlockingIter=          152850
PopPSingles=    0.025772437602,PopPParallel=    0.309248440481
,PopPDoubles=    0.974227562398,PopPSing_spindiff1=    0.000000000000
,PopPDoub_spindiff1=    0.000000000000,PopPDoub_spindiff2=    0.000000000000
PopTotImagTime=   27.626374531723
PopGammaSing= 152.020372432    ,PopGammaDoub= 5821.82253337    ,PopGammaOpp= 3969.43396721    ,PopGammaPar= 1777.10965257    ,PopMaxDeathCpt= 23.3733413796    
,PopGammaSing_spindiff1= 0.00000000000    ,PopGammaDoub_spindiff1= 0.00000000000    ,PopGammaDoub_spindiff2= 0.00000000000    
PopBalanceBlocks=   8000
PopNNodes=    80
PopWalkersOnNodes=         4697023,         4694779,         4693561,         4695370,         4693869,         4698583,         4700089,         4693841,         4694706,         4696747,         4698728,         4695530,         4692818,         4697038,         4699758,         4698251,         4693355,         4695987,         4699837,         4694886,         4699742,         4693991,         4693967,         4695004,         4692358,         4698906,         4696513,         4697434,         4695452,         4694773,         4694324,         4695402,         4695302,         4698276,         4694003,         4691417,         4695408,         4689128,         4690366,         4696192,         4696435,         4696917,         4694262,         4692191,         4692149,         4694863,         4692996,         4694304,         4693905,         4696423,         4694281,         4696979,         4690111,         4698612,         4694956,         4697162,         4697184,         4692869,         4697559,         4694164,         4694089,         4695470,         4690797,         4692952,         4693297,         4696434,         4692995,         4693520,         4695090,         4698729,         4693215,         4693284,         4695690,         4695363,         4693790,         4697388,         4692645,         4692850,         4695361,         4690454,
PopRandomHash=        79256,      102053,       57712,       37785,       61685,       93232,       93334,       84805,       41028,       52165,       93565,       45748,        7240,       59089,       97760,       71372,       56671,      107713,      102075,       45043,       38305,       86052,        2681,       14193,        4647,       59810,       32166,       57579,       88249,       42856,        7822,      105662,       18478,       15257,       44321,       48016,       25176,       61049,        9675,       76300,       44104,       58755,       96905,       35779,        4919,       34574,      104604,       83987,       10632,       20619,       94386,       53901,       89292,       74422,       77478,        6835,       35768,       11961,       46411,      105069,       52185,       32074,       88204,       72078,       13525,       18685,       37340,       70299,       70004,       37328,       32836,       26336,       12200,       65369,        3588,       74880,       96997,       22457,       15696,       55159,       91810,       57617,       22431,        7979,       97188,       64727,        8972,       55164,        1753,        4349,       33861,       27776,       17010,       29833,       60916,       56355,       75043,      103959,       96771,       74628,       71427,       91556,       83125,       73320,       46388,       19986,        2804,       89650,
 &END
