# POPSFILE VERSION 4
&POPSHEAD Pop64Bit=T
PopHPHF=F,PopLz=F,PopLensign= 2,PopNEl= 54,
PopTotwalk=      189004374
 PopMultiSft= -0.503499994207987      -0.503096904132424     
 PopMultiSumNoatHF=   527611729.413982        527993659.907695     
 PopMultiSumENum=  -258112444.638066       -258052406.246701     
PopCyc=          221390,PopNIfD= 1,PopNIfY= 0,PopNIfSgn= 2,
PopNIfFlag= 1,PopNIfTot= 4,PopTau=    0.000170596146,
PopiBlockingIter=          145770
PopPSingles=    0.025294526965,PopPParallel=    0.305249712163
,PopPDoubles=    0.974705473035,PopPSing_spindiff1=    0.000000000000
,PopPDoub_spindiff1=    0.000000000000,PopPDoub_spindiff2=    0.000000000000
PopTotImagTime=   38.968339464800
PopGammaSing= 148.269903094    ,PopGammaDoub= 5750.90519003    ,PopGammaOpp= 3969.43396721    ,PopGammaPar= 1744.03465123    ,PopMaxDeathCpt= 23.3733413796    
,PopGammaSing_spindiff1= 0.00000000000    ,PopGammaDoub_spindiff1= 0.00000000000    ,PopGammaDoub_spindiff2= 0.00000000000    
PopBalanceBlocks=   4000
PopNNodes=    40
PopWalkersOnNodes=         4722986,         4726443,         4723245,         4725390,         4724477,         4725737,         4726651,         4726853,         4728354,         4726236,         4724773,         4726594,         4724754,         4725031,         4725117,         4723964,         4727779,         4719440,         4726287,         4724941,         4722879,         4724230,         4726561,         4727683,         4722667,         4724748,         4723896,         4725703,         4724574,         4722565,         4723732,         4723050,         4724676,         4725491,         4725271,         4728841,         4725695,         4727129,         4724478,         4725453,
PopRandomHash=        79256,      102053,       57712,       37785,       61685,       93232,       93334,       84805,       41028,       52165,       93565,       45748,        7240,       59089,       97760,       71372,       56671,      107713,      102075,       45043,       38305,       86052,        2681,       14193,        4647,       59810,       32166,       57579,       88249,       42856,        7822,      105662,       18478,       15257,       44321,       48016,       25176,       61049,        9675,       76300,       44104,       58755,       96905,       35779,        4919,       34574,      104604,       83987,       10632,       20619,       94386,       53901,       89292,       74422,       77478,        6835,       35768,       11961,       46411,      105069,       52185,       32074,       88204,       72078,       13525,       18685,       37340,       70299,       70004,       37328,       32836,       26336,       12200,       65369,        3588,       74880,       96997,       22457,       15696,       55159,       91810,       57617,       22431,        7979,       97188,       64727,        8972,       55164,        1753,        4349,       33861,       27776,       17010,       29833,       60916,       56355,       75043,      103959,       96771,       74628,       71427,       91556,       83125,       73320,       46388,       19986,        2804,       89650,
 &END
